720p_240fps_1 100 (720,1280,3) 00000
720p_240fps_3 100 (720,1280,3) 00000
720p_240fps_5 100 (720,1280,3) 00000
720p_240fps_6 100 (720,1280,3) 00000
C0036 63 (720,1280,3) 00000
C0041 229 (720,1280,3) 00000
GOPR9633 35 (720,1280,3) 00000
GOPR9636 48 (720,1280,3) 00000
GOPR9641 137 (720,1280,3) 00000
GOPR9642 83 (720,1280,3) 00000
GOPR9643 97 (720,1280,3) 00000
GOPR9645 65 (720,1280,3) 00000
GOPR9648 88 (720,1280,3) 00000
GOPR9652 71 (720,1280,3) 00000
IMG_0001 100 (720,1280,3) 00000
IMG_0004 100 (720,1280,3) 00000
IMG_0005 100 (720,1280,3) 00000
IMG_0008 100 (720,1280,3) 00000
IMG_0009 41 (720,1280,3) 00030
IMG_0010 100 (720,1280,3) 00000
IMG_0011 100 (720,1280,3) 00000
IMG_0012 100 (720,1280,3) 00000
IMG_0013 100 (720,1280,3) 00000
IMG_0014 100 (720,1280,3) 00000
IMG_0015 100 (720,1280,3) 00000
IMG_0017 100 (720,1280,3) 00000
IMG_0019 100 (720,1280,3) 00000
IMG_0022 100 (720,1280,3) 00000
IMG_0023 100 (720,1280,3) 00000
IMG_0024 100 (720,1280,3) 00000
IMG_0025 100 (720,1280,3) 00000
IMG_0026 100 (720,1280,3) 00000
IMG_0028 100 (720,1280,3) 00000
IMG_0029 100 (720,1280,3) 00000
IMG_0034 100 (720,1280,3) 00000
IMG_0035 100 (720,1280,3) 00000
IMG_0036 100 (720,1280,3) 00000
IMG_0038 100 (720,1280,3) 00000
IMG_0040 100 (720,1280,3) 00000
IMG_0041 100 (720,1280,3) 00000
IMG_0042 100 (720,1280,3) 00000
IMG_0043 100 (720,1280,3) 00000
IMG_0044 100 (720,1280,3) 00000
IMG_0045 61 (720,1280,3) 00000
IMG_0046 100 (720,1280,3) 00000
IMG_0047 100 (720,1280,3) 00000
IMG_0051 100 (720,1280,3) 00000
IMG_0053 100 (720,1280,3) 00000
IMG_0054 100 (720,1280,3) 00000
IMG_0055 100 (720,1280,3) 00000
IMG_0056 100 (720,1280,3) 00000
IMG_0058 100 (720,1280,3) 00000
IMG_0150 50 (720,1280,3) 00000
IMG_0151 60 (720,1280,3) 00000
IMG_0153 120 (720,1280,3) 00000
IMG_0155 78 (720,1280,3) 00000
IMG_0164 46 (720,1280,3) 00000
IMG_0173 70 (720,1280,3) 00000
IMG_0180 50 (720,1280,3) 00000
IMG_0183 113 (720,1280,3) 00000
IMG_0200 103 (720,1280,3) 00000
