GOPR0372_07_00 100 (720,1280,3) 000047
GOPR0372_07_01 75 (720,1280,3) 000601
GOPR0374_11_00 150 (720,1280,3) 000001
GOPR0374_11_01 80 (720,1280,3) 000203
GOPR0374_11_02 100 (720,1280,3) 000541
GOPR0374_11_03 48 (720,1280,3) 002481
GOPR0378_13_00 110 (720,1280,3) 000041
GOPR0379_11_00 100 (720,1280,3) 000188
GOPR0380_11_00 60 (720,1280,3) 000134
GOPR0384_11_01 100 (720,1280,3) 000951
GOPR0384_11_02 100 (720,1280,3) 001301
GOPR0384_11_03 100 (720,1280,3) 002101
GOPR0384_11_04 100 (720,1280,3) 002801
GOPR0385_11_00 100 (720,1280,3) 000101
GOPR0386_11_00 100 (720,1280,3) 000247
GOPR0477_11_00 80 (720,1280,3) 000001
GOPR0857_11_00 100 (720,1280,3) 000001
GOPR0868_11_01 100 (720,1280,3) 000221
GOPR0868_11_02 100 (720,1280,3) 000681
GOPR0871_11_01 100 (720,1280,3) 000181
GOPR0881_11_00 100 (720,1280,3) 000001
GOPR0884_11_00 100 (720,1280,3) 000186
