000 100 (720,1280,3) 00000000
001 100 (720,1280,3) 00000000
002 100 (720,1280,3) 00000000
003 100 (720,1280,3) 00000000
004 100 (720,1280,3) 00000000
005 100 (720,1280,3) 00000000
006 100 (720,1280,3) 00000000
007 100 (720,1280,3) 00000000
008 100 (720,1280,3) 00000000
009 100 (720,1280,3) 00000000
010 100 (720,1280,3) 00000000
011 100 (720,1280,3) 00000000
012 100 (720,1280,3) 00000000
013 100 (720,1280,3) 00000000
014 100 (720,1280,3) 00000000
015 100 (720,1280,3) 00000000
016 100 (720,1280,3) 00000000
017 100 (720,1280,3) 00000000
018 100 (720,1280,3) 00000000
019 100 (720,1280,3) 00000000
020 100 (720,1280,3) 00000000
021 100 (720,1280,3) 00000000
022 100 (720,1280,3) 00000000
023 100 (720,1280,3) 00000000
024 100 (720,1280,3) 00000000
025 100 (720,1280,3) 00000000
026 100 (720,1280,3) 00000000
027 100 (720,1280,3) 00000000
028 100 (720,1280,3) 00000000
029 100 (720,1280,3) 00000000
030 100 (720,1280,3) 00000000
031 100 (720,1280,3) 00000000
032 100 (720,1280,3) 00000000
033 100 (720,1280,3) 00000000
034 100 (720,1280,3) 00000000
035 100 (720,1280,3) 00000000
036 100 (720,1280,3) 00000000
037 100 (720,1280,3) 00000000
038 100 (720,1280,3) 00000000
039 100 (720,1280,3) 00000000
040 100 (720,1280,3) 00000000
041 100 (720,1280,3) 00000000
042 100 (720,1280,3) 00000000
043 100 (720,1280,3) 00000000
044 100 (720,1280,3) 00000000
045 100 (720,1280,3) 00000000
046 100 (720,1280,3) 00000000
047 100 (720,1280,3) 00000000
048 100 (720,1280,3) 00000000
049 100 (720,1280,3) 00000000
050 100 (720,1280,3) 00000000
051 100 (720,1280,3) 00000000
052 100 (720,1280,3) 00000000
053 100 (720,1280,3) 00000000
054 100 (720,1280,3) 00000000
055 100 (720,1280,3) 00000000
056 100 (720,1280,3) 00000000
057 100 (720,1280,3) 00000000
058 100 (720,1280,3) 00000000
059 100 (720,1280,3) 00000000
060 100 (720,1280,3) 00000000
061 100 (720,1280,3) 00000000
062 100 (720,1280,3) 00000000
063 100 (720,1280,3) 00000000
064 100 (720,1280,3) 00000000
065 100 (720,1280,3) 00000000
066 100 (720,1280,3) 00000000
067 100 (720,1280,3) 00000000
068 100 (720,1280,3) 00000000
069 100 (720,1280,3) 00000000
070 100 (720,1280,3) 00000000
071 100 (720,1280,3) 00000000
072 100 (720,1280,3) 00000000
073 100 (720,1280,3) 00000000
074 100 (720,1280,3) 00000000
075 100 (720,1280,3) 00000000
076 100 (720,1280,3) 00000000
077 100 (720,1280,3) 00000000
078 100 (720,1280,3) 00000000
079 100 (720,1280,3) 00000000
080 100 (720,1280,3) 00000000
081 100 (720,1280,3) 00000000
082 100 (720,1280,3) 00000000
083 100 (720,1280,3) 00000000
084 100 (720,1280,3) 00000000
085 100 (720,1280,3) 00000000
086 100 (720,1280,3) 00000000
087 100 (720,1280,3) 00000000
088 100 (720,1280,3) 00000000
089 100 (720,1280,3) 00000000
090 100 (720,1280,3) 00000000
091 100 (720,1280,3) 00000000
092 100 (720,1280,3) 00000000
093 100 (720,1280,3) 00000000
094 100 (720,1280,3) 00000000
095 100 (720,1280,3) 00000000
096 100 (720,1280,3) 00000000
097 100 (720,1280,3) 00000000
098 100 (720,1280,3) 00000000
099 100 (720,1280,3) 00000000
100 100 (720,1280,3) 00000000
101 100 (720,1280,3) 00000000
102 100 (720,1280,3) 00000000
103 100 (720,1280,3) 00000000
104 100 (720,1280,3) 00000000
105 100 (720,1280,3) 00000000
106 100 (720,1280,3) 00000000
107 100 (720,1280,3) 00000000
108 100 (720,1280,3) 00000000
109 100 (720,1280,3) 00000000
110 100 (720,1280,3) 00000000
111 100 (720,1280,3) 00000000
112 100 (720,1280,3) 00000000
113 100 (720,1280,3) 00000000
114 100 (720,1280,3) 00000000
115 100 (720,1280,3) 00000000
116 100 (720,1280,3) 00000000
117 100 (720,1280,3) 00000000
118 100 (720,1280,3) 00000000
119 100 (720,1280,3) 00000000
120 100 (720,1280,3) 00000000
121 100 (720,1280,3) 00000000
122 100 (720,1280,3) 00000000
123 100 (720,1280,3) 00000000
124 100 (720,1280,3) 00000000
125 100 (720,1280,3) 00000000
126 100 (720,1280,3) 00000000
127 100 (720,1280,3) 00000000
128 100 (720,1280,3) 00000000
129 100 (720,1280,3) 00000000
130 100 (720,1280,3) 00000000
131 100 (720,1280,3) 00000000
132 100 (720,1280,3) 00000000
133 100 (720,1280,3) 00000000
134 100 (720,1280,3) 00000000
135 100 (720,1280,3) 00000000
136 100 (720,1280,3) 00000000
137 100 (720,1280,3) 00000000
138 100 (720,1280,3) 00000000
139 100 (720,1280,3) 00000000
140 100 (720,1280,3) 00000000
141 100 (720,1280,3) 00000000
142 100 (720,1280,3) 00000000
143 100 (720,1280,3) 00000000
144 100 (720,1280,3) 00000000
145 100 (720,1280,3) 00000000
146 100 (720,1280,3) 00000000
147 100 (720,1280,3) 00000000
148 100 (720,1280,3) 00000000
149 100 (720,1280,3) 00000000
150 100 (720,1280,3) 00000000
151 100 (720,1280,3) 00000000
152 100 (720,1280,3) 00000000
153 100 (720,1280,3) 00000000
154 100 (720,1280,3) 00000000
155 100 (720,1280,3) 00000000
156 100 (720,1280,3) 00000000
157 100 (720,1280,3) 00000000
158 100 (720,1280,3) 00000000
159 100 (720,1280,3) 00000000
160 100 (720,1280,3) 00000000
161 100 (720,1280,3) 00000000
162 100 (720,1280,3) 00000000
163 100 (720,1280,3) 00000000
164 100 (720,1280,3) 00000000
165 100 (720,1280,3) 00000000
166 100 (720,1280,3) 00000000
167 100 (720,1280,3) 00000000
168 100 (720,1280,3) 00000000
169 100 (720,1280,3) 00000000
170 100 (720,1280,3) 00000000
171 100 (720,1280,3) 00000000
172 100 (720,1280,3) 00000000
173 100 (720,1280,3) 00000000
174 100 (720,1280,3) 00000000
175 100 (720,1280,3) 00000000
176 100 (720,1280,3) 00000000
177 100 (720,1280,3) 00000000
178 100 (720,1280,3) 00000000
179 100 (720,1280,3) 00000000
180 100 (720,1280,3) 00000000
181 100 (720,1280,3) 00000000
182 100 (720,1280,3) 00000000
183 100 (720,1280,3) 00000000
184 100 (720,1280,3) 00000000
185 100 (720,1280,3) 00000000
186 100 (720,1280,3) 00000000
187 100 (720,1280,3) 00000000
188 100 (720,1280,3) 00000000
189 100 (720,1280,3) 00000000
190 100 (720,1280,3) 00000000
191 100 (720,1280,3) 00000000
192 100 (720,1280,3) 00000000
193 100 (720,1280,3) 00000000
194 100 (720,1280,3) 00000000
195 100 (720,1280,3) 00000000
196 100 (720,1280,3) 00000000
197 100 (720,1280,3) 00000000
198 100 (720,1280,3) 00000000
199 100 (720,1280,3) 00000000
200 100 (720,1280,3) 00000000
201 100 (720,1280,3) 00000000
202 100 (720,1280,3) 00000000
203 100 (720,1280,3) 00000000
204 100 (720,1280,3) 00000000
205 100 (720,1280,3) 00000000
206 100 (720,1280,3) 00000000
207 100 (720,1280,3) 00000000
208 100 (720,1280,3) 00000000
209 100 (720,1280,3) 00000000
210 100 (720,1280,3) 00000000
211 100 (720,1280,3) 00000000
212 100 (720,1280,3) 00000000
213 100 (720,1280,3) 00000000
214 100 (720,1280,3) 00000000
215 100 (720,1280,3) 00000000
216 100 (720,1280,3) 00000000
217 100 (720,1280,3) 00000000
218 100 (720,1280,3) 00000000
219 100 (720,1280,3) 00000000
220 100 (720,1280,3) 00000000
221 100 (720,1280,3) 00000000
222 100 (720,1280,3) 00000000
223 100 (720,1280,3) 00000000
224 100 (720,1280,3) 00000000
225 100 (720,1280,3) 00000000
226 100 (720,1280,3) 00000000
227 100 (720,1280,3) 00000000
228 100 (720,1280,3) 00000000
229 100 (720,1280,3) 00000000
230 100 (720,1280,3) 00000000
231 100 (720,1280,3) 00000000
232 100 (720,1280,3) 00000000
233 100 (720,1280,3) 00000000
234 100 (720,1280,3) 00000000
235 100 (720,1280,3) 00000000
236 100 (720,1280,3) 00000000
237 100 (720,1280,3) 00000000
238 100 (720,1280,3) 00000000
239 100 (720,1280,3) 00000000
240 100 (720,1280,3) 00000000
241 100 (720,1280,3) 00000000
242 100 (720,1280,3) 00000000
243 100 (720,1280,3) 00000000
244 100 (720,1280,3) 00000000
245 100 (720,1280,3) 00000000
246 100 (720,1280,3) 00000000
247 100 (720,1280,3) 00000000
248 100 (720,1280,3) 00000000
249 100 (720,1280,3) 00000000
250 100 (720,1280,3) 00000000
251 100 (720,1280,3) 00000000
252 100 (720,1280,3) 00000000
253 100 (720,1280,3) 00000000
254 100 (720,1280,3) 00000000
255 100 (720,1280,3) 00000000
256 100 (720,1280,3) 00000000
257 100 (720,1280,3) 00000000
258 100 (720,1280,3) 00000000
259 100 (720,1280,3) 00000000
260 100 (720,1280,3) 00000000
261 100 (720,1280,3) 00000000
262 100 (720,1280,3) 00000000
263 100 (720,1280,3) 00000000
264 100 (720,1280,3) 00000000
265 100 (720,1280,3) 00000000
266 100 (720,1280,3) 00000000
267 100 (720,1280,3) 00000000
268 100 (720,1280,3) 00000000
269 100 (720,1280,3) 00000000
